temp	density	nu
1	1028.0941	1.7926E-06
2	1028.0197	1.7341E-06
3	1027.9327	1.6787E-06
4	1027.8336	1.6262E-06
5	1027.7225	1.5762E-06
6	1027.6000	1.5288E-06
7	1027.4662	1.4836E-06
8	1027.3214	1.4406E-06
9	1027.1659	1.3995E-06
10	1027.0000	1.3604E-06
11	1026.8238	1.3230E-06
12	1026.6376	1.2873E-06
13	1026.4416	1.2532E-06
14	1026.2360	1.2205E-06
15	1026.0210	1.1892E-06
16	1025.7967	1.1592E-06
17	1025.5633	1.1304E-06
18	1025.3210	1.1028E-06
19	1025.0700	1.0763E-06
20	1024.8103	1.0508E-06
21	1024.5421	1.0263E-06
22	1024.2656	1.0027E-06
23	1023.9808	9.8002E-07
24	1023.6881	9.5818E-07
25	1023.3873	9.3713E-07
26	1023.0788	9.1683E-07
27	1022.7626	8.9726E-07
28	1022.4389	8.7837E-07
29	1022.1078	8.6014E-07
30	1021.7694	8.4253E-07

