temp	density nu
10	999.7025	1.3063E-06
11	999.6079	1.2697E-06
12	999.5004	1.2347E-06
13	999.3801	1.2012E-06
14	999.2474	1.1692E-06
15	999.1026	1.1386E-06
16	998.9461	1.1093E-06
17	998.7780	1.0811E-06
18	998.5986	1.0542E-06
19	998.4083	1.0283E-06
20	998.2072	1.0034E-06
21	997.9955	9.7950E-07
22	997.7735	9.5653E-07
23	997.5414	9.3442E-07
24	997.2994	9.1315E-07
25	997.0476	8.9266E-07
26	996.7864	8.7291E-07
27	996.5158	8.5388E-07
28	996.2360	8.3552E-07
29	995.9471	8.1781E-07
30	995.6495	8.0071E-07
31	995.3431	7.8419E-07
32	995.0281	7.6823E-07
33	994.7048	7.5280E-07
34	994.3731	7.3788E-07
35	994.0333	7.2344E-07
36	993.6855	7.0947E-07
37	993.3298	6.9595E-07
38	992.9663	6.8285E-07
39	992.5951	6.7015E-07
40	992.2164	6.5785E-07

